3    8
4    21
5    21
7    15
8    9
9    14
10    26
11    5
12    28
13    83
14    3
15    4
16    20
17    9
18    9
19    60
20    53
21    1
22    5
23    8
24    17
25    37
27    19
28    27
29    31
31    18
32    142
33    31
34    65
35    145
36    2
37    36
38    30
39    21
40    28
41    2
42    65
43    61
44    25
45    50
46    1
47    57
48    7
49    7
50    34
52    1
53    3
54    5
55    4
56    11
59    1
60    1
61    1
62    7
63    30
64    41
65    9
66    56
67    89
68    1
69    6
70    12
71    13
72    35
73    10
74    1
75    1
76    15
77    27
78    27
79    84
80    38
81    3
82    13
83    16
84    8
85    5
86    7
87    51
88    56
89    27
90    20
91    24
92    15
93    44
94    15
95    13
96    29
97    10
98    37
99    86
100    63
102    1
103    4
104    27
105    51
106    23
107    16
108    31
109    2
110    19
111    34
112    16
113    8
114    22
116    25
117    19
118    9
119    19
120    46
121    3
122    4
123    7
124    12
125    10
126    10
127    8
128    2
129    5
130    10
131    4
132    8
133    6
135    4
136    3
137    3
138    1
139    6
140    5
141    5
143    1
144    3
145    1
147    2
148    16
149    23
150    69
151    12
152    21
153    78
154    25
155    27
156    10
157    50
158    32
159    19
160    46
161    1
162    10
163    13
164    15
167    2
168    1
172    1
173    3
174    2
175    4
176    24
177    11
178    5
180    6
181    3
182    4
183    3
184    6
185    6
186    5
188    10
189    54
190    70
191    13
192    1
193    37
194    3
195    2
196    1
197    18
198    4
200    5
201    2
202    3
203    3
204    1
205    2
206    1
207    4
209    2
212    3
213    7
214    10
215    3
216    5
217    33
218    15
219    3
220    9
221    9
222    10
224    2
225    5
227    4
228    2
231    2
232    5
233    2
236    1
